0.000000000000000000e+00	1.000000000000000000e+00	-4.614880000000000241e-04	0.000000000000000000e+00
1.000000000000000000e+00	2.000000000000000000e+00	1.037479999999999913e-03	0.000000000000000000e+00
2.000000000000000000e+00	3.000000000000000000e+00	4.035010000000000333e-03	0.000000000000000000e+00
3.000000000000000000e+00	4.000000000000000000e+00	6.830469999999999944e-03	0.000000000000000000e+00
4.000000000000000000e+00	5.000000000000000000e+00	9.420309999999999448e-03	0.000000000000000000e+00
5.000000000000000000e+00	6.000000000000000000e+00	1.165109999999999930e-02	0.000000000000000000e+00
6.000000000000000000e+00	7.000000000000000000e+00	1.337780000000000045e-02	0.000000000000000000e+00
7.000000000000000000e+00	8.000000000000000000e+00	1.461089999999999958e-02	0.000000000000000000e+00
8.000000000000000000e+00	9.000000000000000000e+00	1.540859999999999973e-02	0.000000000000000000e+00
9.000000000000000000e+00	1.000000000000000000e+01	1.584819999999999979e-02	0.000000000000000000e+00
1.000000000000000000e+01	1.100000000000000000e+01	1.600930000000000061e-02	0.000000000000000000e+00
1.100000000000000000e+01	1.200000000000000000e+01	1.596449999999999952e-02	0.000000000000000000e+00
1.200000000000000000e+01	1.300000000000000000e+01	1.576150000000000120e-02	0.000000000000000000e+00
1.300000000000000000e+01	1.400000000000000000e+01	1.544290000000000072e-02	0.000000000000000000e+00
1.400000000000000000e+01	1.500000000000000000e+01	1.504450000000000058e-02	0.000000000000000000e+00
1.500000000000000000e+01	1.600000000000000000e+01	1.459000000000000054e-02	0.000000000000000000e+00
1.600000000000000000e+01	1.700000000000000000e+01	1.410059999999999959e-02	0.000000000000000000e+00
1.700000000000000000e+01	1.800000000000000000e+01	1.358930000000000034e-02	0.000000000000000000e+00
1.800000000000000000e+01	1.900000000000000000e+01	1.306790000000000035e-02	0.000000000000000000e+00
1.900000000000000000e+01	2.000000000000000000e+01	1.254440000000000069e-02	0.000000000000000000e+00
2.000000000000000000e+01	2.100000000000000000e+01	1.202559999999999914e-02	0.000000000000000000e+00
2.100000000000000000e+01	2.200000000000000000e+01	1.151519999999999974e-02	0.000000000000000000e+00
2.200000000000000000e+01	2.300000000000000000e+01	1.101760000000000066e-02	0.000000000000000000e+00
2.300000000000000000e+01	2.400000000000000000e+01	1.053409999999999937e-02	0.000000000000000000e+00
2.400000000000000000e+01	2.500000000000000000e+01	1.006759999999999947e-02	0.000000000000000000e+00
2.500000000000000000e+01	2.600000000000000000e+01	9.612489999999999576e-03	0.000000000000000000e+00
2.600000000000000000e+01	2.700000000000000000e+01	9.112820000000000642e-03	0.000000000000000000e+00
2.700000000000000000e+01	2.800000000000000000e+01	8.640949999999999673e-03	0.000000000000000000e+00
2.800000000000000000e+01	2.900000000000000000e+01	8.195289999999999173e-03	0.000000000000000000e+00
2.900000000000000000e+01	3.000000000000000000e+01	7.774380000000000006e-03	0.000000000000000000e+00
3.000000000000000000e+01	3.100000000000000000e+01	7.377350000000000400e-03	0.000000000000000000e+00
3.100000000000000000e+01	3.200000000000000000e+01	7.002369999999999949e-03	0.000000000000000000e+00
3.200000000000000000e+01	3.300000000000000000e+01	6.648460000000000134e-03	0.000000000000000000e+00
3.300000000000000000e+01	3.400000000000000000e+01	6.314379999999999646e-03	0.000000000000000000e+00
3.400000000000000000e+01	3.500000000000000000e+01	5.998769999999999623e-03	0.000000000000000000e+00
3.500000000000000000e+01	3.600000000000000000e+01	5.700730000000000207e-03	0.000000000000000000e+00
3.600000000000000000e+01	3.700000000000000000e+01	5.419239999999999648e-03	0.000000000000000000e+00
3.700000000000000000e+01	3.800000000000000000e+01	5.153180000000000260e-03	0.000000000000000000e+00
3.800000000000000000e+01	3.900000000000000000e+01	4.901820000000000309e-03	0.000000000000000000e+00
3.900000000000000000e+01	4.000000000000000000e+01	4.664180000000000409e-03	0.000000000000000000e+00
4.000000000000000000e+01	4.100000000000000000e+01	4.439420000000000345e-03	0.000000000000000000e+00
4.100000000000000000e+01	4.200000000000000000e+01	4.226829999999999997e-03	0.000000000000000000e+00
4.200000000000000000e+01	4.300000000000000000e+01	4.025680000000000230e-03	0.000000000000000000e+00
4.300000000000000000e+01	4.400000000000000000e+01	3.835260000000000058e-03	0.000000000000000000e+00
4.400000000000000000e+01	4.500000000000000000e+01	3.654919999999999870e-03	0.000000000000000000e+00
4.500000000000000000e+01	4.600000000000000000e+01	3.484199999999999797e-03	0.000000000000000000e+00
4.600000000000000000e+01	4.700000000000000000e+01	3.322400000000000093e-03	0.000000000000000000e+00
4.700000000000000000e+01	4.800000000000000000e+01	3.168999999999999942e-03	0.000000000000000000e+00
4.800000000000000000e+01	4.900000000000000000e+01	3.023599999999999986e-03	0.000000000000000000e+00
4.900000000000000000e+01	5.000000000000000000e+01	2.885710000000000098e-03	0.000000000000000000e+00
5.000000000000000000e+01	5.100000000000000000e+01	2.754780000000000076e-03	0.000000000000000000e+00
5.100000000000000000e+01	5.200000000000000000e+01	2.630620000000000180e-03	0.000000000000000000e+00
5.200000000000000000e+01	5.300000000000000000e+01	2.512620000000000131e-03	0.000000000000000000e+00
5.300000000000000000e+01	5.400000000000000000e+01	2.400660000000000207e-03	0.000000000000000000e+00
5.400000000000000000e+01	5.500000000000000000e+01	2.294229999999999967e-03	0.000000000000000000e+00
5.500000000000000000e+01	5.600000000000000000e+01	2.193140000000000107e-03	0.000000000000000000e+00
5.600000000000000000e+01	5.700000000000000000e+01	2.097009999999999846e-03	0.000000000000000000e+00
5.700000000000000000e+01	5.800000000000000000e+01	2.005559999999999982e-03	0.000000000000000000e+00
5.800000000000000000e+01	5.900000000000000000e+01	1.918589999999999966e-03	0.000000000000000000e+00
5.900000000000000000e+01	6.000000000000000000e+01	1.835840000000000041e-03	0.000000000000000000e+00
6.000000000000000000e+01	6.100000000000000000e+01	1.757019999999999979e-03	0.000000000000000000e+00
6.100000000000000000e+01	6.200000000000000000e+01	1.682029999999999940e-03	0.000000000000000000e+00
6.200000000000000000e+01	6.300000000000000000e+01	1.610539999999999932e-03	0.000000000000000000e+00
6.300000000000000000e+01	6.400000000000000000e+01	1.542500000000000034e-03	0.000000000000000000e+00
6.400000000000000000e+01	6.500000000000000000e+01	1.477629999999999959e-03	0.000000000000000000e+00
6.500000000000000000e+01	6.600000000000000000e+01	1.415779999999999947e-03	0.000000000000000000e+00
6.600000000000000000e+01	6.700000000000000000e+01	1.356779999999999922e-03	0.000000000000000000e+00
6.700000000000000000e+01	6.800000000000000000e+01	1.300520000000000105e-03	0.000000000000000000e+00
6.800000000000000000e+01	6.900000000000000000e+01	1.246839999999999928e-03	0.000000000000000000e+00
6.900000000000000000e+01	7.000000000000000000e+01	1.195620000000000103e-03	0.000000000000000000e+00
7.000000000000000000e+01	7.100000000000000000e+01	1.146719999999999944e-03	0.000000000000000000e+00
7.100000000000000000e+01	7.200000000000000000e+01	1.100019999999999947e-03	0.000000000000000000e+00
7.200000000000000000e+01	7.300000000000000000e+01	1.055409999999999899e-03	0.000000000000000000e+00
7.300000000000000000e+01	7.400000000000000000e+01	1.013060000000000089e-03	0.000000000000000000e+00
7.400000000000000000e+01	7.500000000000000000e+01	9.723789999999999951e-04	0.000000000000000000e+00
7.500000000000000000e+01	7.600000000000000000e+01	9.334869999999999887e-04	0.000000000000000000e+00
7.600000000000000000e+01	7.700000000000000000e+01	8.963019999999999711e-04	0.000000000000000000e+00
7.700000000000000000e+01	7.800000000000000000e+01	8.607340000000000433e-04	0.000000000000000000e+00
7.800000000000000000e+01	7.900000000000000000e+01	8.267129999999999704e-04	0.000000000000000000e+00
7.900000000000000000e+01	8.000000000000000000e+01	7.941629999999999653e-04	0.000000000000000000e+00
8.000000000000000000e+01	8.100000000000000000e+01	7.630080000000000239e-04	0.000000000000000000e+00
8.100000000000000000e+01	8.200000000000000000e+01	7.331870000000000531e-04	0.000000000000000000e+00
8.200000000000000000e+01	8.300000000000000000e+01	7.046529999999999634e-04	0.000000000000000000e+00
8.300000000000000000e+01	8.400000000000000000e+01	6.773039999999999920e-04	0.000000000000000000e+00
8.400000000000000000e+01	8.500000000000000000e+01	6.511139999999999463e-04	0.000000000000000000e+00
8.500000000000000000e+01	8.600000000000000000e+01	6.260299999999999676e-04	0.000000000000000000e+00
8.600000000000000000e+01	8.700000000000000000e+01	6.019960000000000415e-04	0.000000000000000000e+00
8.700000000000000000e+01	8.800000000000000000e+01	5.789470000000000120e-04	0.000000000000000000e+00
8.800000000000000000e+01	8.900000000000000000e+01	5.568710000000000153e-04	0.000000000000000000e+00
8.900000000000000000e+01	9.000000000000000000e+01	5.356949999999999863e-04	0.000000000000000000e+00
